15 14
200 400 100 200 000 100 520 030 000 200 003 200 100 000
500 400 100 100 000 000 020 000 300 000 009 300 300 100
200 000 020 010 000 000 000 100 000 210 400 000 002 000
000 200 009 000 000 100 000 100 120 009 000 100 200 100
300 009 009 300 030 003 000 000 400 000 000 000 200 200
010 100 020 500 000 000 000 000 000 030 009 100 000 000
000 200 009 020 000 000 300 000 300 001 100 100 000 200
009 000 000 000 020 009 010 000 310 000 100 500 400 320
400 000 400 009 000 000 000 030 200 000 000 000 000 000
000 030 000 009 300 010 000 000 000 002 100 200 009 100
030 000 100 009 100 001 000 010 000 000 000 320 300 100
200 030 001 000 300 100 300 300 002 100 000 000 003 100
200 320 000 009 100 000 000 100 009 000 200 030 009 000
000 020 000 200 400 400 200 020 009 230 000 009 120 030
000 500 300 000 009 000 000 000 020 200 200 300 009 000
player_1 1 197
player_2 2 167
player_3 3 172