15 15
320 210 000 000 300 009 001 030 000 030 020 100 000 100 000
200 009 000 000 200 300 000 000 220 009 000 000 000 000 020
100 400 020 000 000 200 300 009 100 000 000 009 000 009 009
000 000 100 400 400 200 000 009 010 000 000 000 000 000 400
000 000 100 000 200 000 300 000 000 000 000 010 000 000 100
200 000 100 000 000 200 300 009 200 020 100 000 100 100 200
000 020 000 400 200 009 000 200 200 000 210 002 001 000 030
100 200 000 010 230 000 000 000 010 000 000 200 200 009 000
000 009 100 009 100 009 000 200 000 010 000 100 020 100 300
100 000 002 001 200 009 000 000 030 000 020 000 100 000 000
000 009 020 000 400 000 000 100 030 000 300 100 000 500 330
200 000 000 030 200 000 009 100 100 009 000 130 300 009 120
000 000 000 200 000 200 020 210 200 400 000 000 300 020 000
000 220 002 000 009 300 000 000 200 000 000 500 000 009 009
000 009 300 200 020 000 000 400 020 000 020 100 500 000 300
player_1 1 112
player_2 2 185