19 20
000 420 000 009 220 000 100 300 330 200 010 500 400 020 000 220 000 300 000 020
300 400 220 000 009 000 000 009 400 000 300 500 020 500 020 100 000 000 010 000
400 009 009 000 020 000 010 010 010 000 000 410 000 000 000 000 100 200 000 200
000 020 009 000 000 009 100 000 010 400 020 000 300 000 000 320 200 000 000 009
000 300 000 009 000 100 400 009 200 300 100 120 220 000 000 400 010 100 020 000
000 009 000 000 000 010 009 500 000 200 009 009 110 000 000 000 000 009 300 009
009 000 000 000 020 300 000 009 009 009 000 020 100 500 300 000 000 000 000 000
009 200 200 020 100 000 200 000 000 400 000 000 220 200 210 000 000 300 100 500
010 110 010 100 030 120 009 000 000 000 000 000 000 009 000 020 120 000 009 000
100 200 020 000 000 030 000 000 020 200 000 000 100 120 400 100 000 200 009 010
000 009 300 000 000 220 220 200 030 100 009 000 000 400 520 000 300 009 000 000
000 000 000 000 500 030 020 000 400 030 000 400 000 400 030 030 000 000 110 120
300 000 000 000 000 200 000 000 300 000 009 100 000 000 000 300 000 020 500 400
300 000 200 000 200 000 000 500 000 100 000 500 300 000 009 000 000 210 200 000
300 000 000 000 000 100 320 000 000 000 020 009 000 300 000 100 000 000 009 030
200 200 000 001 001 000 000 200 000 100 000 000 000 500 100 009 000 300 400 000
000 230 100 030 000 000 300 300 500 100 009 009 000 000 001 210 000 200 009 000
000 000 010 000 100 009 020 000 000 000 200 000 200 000 009 200 500 000 009 009
000 000 020 020 000 000 000 009 009 000 020 010 200 030 020 009 000 200 000 200
player_1 1 156