14 20
430 100 100 300 510 100 500 300 000 000 000 009 009 200 020 000 530 100 200 000
000 009 400 100 100 000 300 200 110 000 000 000 230 200 100 020 000 000 009 009
030 009 200 009 300 000 000 000 000 100 300 000 300 000 000 030 000 009 400 000
009 000 200 120 000 000 009 009 000 110 100 000 100 000 200 000 400 120 320 001
000 000 010 000 010 001 300 520 000 000 300 010 002 200 000 100 000 000 009 030
000 000 000 009 000 500 020 200 000 000 200 000 300 300 300 009 200 400 300 000
500 000 000 000 009 020 400 100 300 300 100 110 000 000 000 000 001 000 400 000
000 300 200 009 200 000 009 009 009 100 000 000 300 000 400 020 100 400 000 000
000 300 009 010 410 100 400 000 100 500 100 100 500 300 130 300 000 010 000 009
009 000 009 009 009 000 400 002 000 000 000 000 009 030 100 009 100 009 200 000
000 000 000 009 000 009 002 520 009 100 200 000 009 009 030 000 000 200 000 000
000 000 000 000 000 000 009 000 400 100 100 000 000 000 100 000 009 100 300 300
200 230 310 009 000 100 000 000 009 000 009 000 000 000 000 100 100 000 000 020
100 300 300 020 000 120 009 009 400 000 030 300 020 009 510 009 000 000 020 300
player_1 1 167
player_2 2 128