17 18
410 009 030 300 000 400 000 100 400 020 000 100 000 100 230 002 300 000
000 009 000 000 100 020 200 010 300 200 020 000 200 100 030 130 000 009
000 100 300 100 000 009 009 000 400 220 000 000 000 100 000 000 100 009
000 000 000 009 100 009 000 002 000 009 000 000 009 500 230 100 420 009
510 009 000 000 500 000 200 000 000 000 000 000 000 300 009 110 009 300
020 000 000 320 000 000 520 020 320 100 000 400 020 400 009 009 000 500
230 000 300 510 100 000 000 100 009 000 009 100 000 000 000 000 009 009
130 000 300 010 000 400 200 010 020 000 000 120 100 100 000 000 000 000
000 009 020 020 300 000 100 000 000 000 200 500 000 010 000 009 009 000
009 000 200 000 100 009 200 009 000 100 000 000 300 400 000 400 220 400
200 009 002 100 500 500 300 000 000 000 400 000 300 200 000 000 009 000
200 400 200 009 000 000 009 000 500 530 100 000 000 520 000 400 009 000
000 009 000 000 009 009 200 100 320 000 000 009 000 500 009 000 000 200
100 000 000 100 000 400 000 000 200 000 400 100 000 009 009 000 000 100
200 009 500 000 000 000 400 200 000 000 020 400 020 010 100 100 000 100
100 300 100 000 000 020 300 001 000 000 200 000 000 010 000 000 020 200
300 000 130 200 000 000 030 210 001 100 009 000 000 001 120 000 100 200
player_1 1 150
player_2 2 147