16 16
000 010 000 000 300 002 000 020 200 200 000 100 020 000 200 030
000 100 000 220 000 000 200 000 009 500 000 009 020 200 520 210
120 200 010 100 000 000 400 420 009 000 300 020 000 400 300 100
100 100 030 320 030 100 000 100 000 000 000 200 000 020 009 200
200 000 200 100 000 000 009 300 000 009 210 020 000 110 000 000
009 100 200 400 100 009 001 100 010 010 009 009 200 010 200 000
000 200 009 009 000 000 200 009 300 000 001 009 200 200 000 000
000 100 300 000 100 009 000 120 320 300 300 020 000 000 000 000
000 000 000 300 420 000 430 000 000 009 200 020 000 500 200 000
009 200 009 430 000 120 000 000 320 000 000 001 000 200 000 300
009 000 002 200 000 009 000 300 009 010 000 200 110 000 020 200
030 000 020 000 000 120 000 020 210 120 200 000 000 230 000 200
000 020 000 420 120 000 009 500 020 100 000 000 020 000 000 000
000 000 009 200 000 000 120 000 000 009 030 120 000 100 000 100
000 000 000 000 220 000 000 020 200 010 002 000 500 420 000 420
200 320 020 000 000 000 009 000 020 100 500 000 000 100 200 000
player_1 1 121
player_2 2 180