20 17
020 200 220 120 000 430 100 130 000 000 000 000 330 009 300 000 300
000 000 009 100 400 000 009 120 330 009 000 320 200 010 000 000 000
009 200 002 009 030 000 009 009 000 000 020 200 020 000 120 010 000
000 000 100 000 000 020 030 420 030 500 009 400 000 300 100 000 100
009 000 300 000 100 200 100 100 300 009 000 100 000 100 020 200 200
009 220 210 200 000 000 000 300 300 009 230 000 000 000 020 000 000
000 100 300 230 000 000 100 000 000 110 009 300 400 020 100 000 000
300 020 200 020 100 300 000 110 009 000 000 000 300 000 000 000 100
100 300 000 020 520 000 410 300 500 001 200 009 200 000 100 010 000
000 020 310 009 002 020 009 009 220 000 009 500 220 220 200 300 000
400 200 000 000 000 009 000 000 002 020 000 120 000 000 000 100 300
310 220 000 400 200 230 100 400 000 000 220 200 000 100 020 030 000
010 120 000 100 200 000 200 100 300 000 010 030 000 000 000 400 000
330 500 500 000 000 000 020 000 009 000 000 009 400 000 400 000 000
000 100 100 000 000 000 100 000 000 200 100 100 009 000 000 009 200
200 430 000 000 009 000 000 000 000 009 009 000 300 030 100 030 009
000 001 000 000 000 000 000 009 000 200 000 000 000 000 009 000 009
000 000 200 200 000 000 400 000 200 000 120 100 000 400 300 000 000
009 009 200 001 200 200 100 200 000 009 210 010 000 100 000 010 009
000 100 010 009 220 100 100 200 000 230 300 200 400 200 500 110 100
player_1 1 144
player_2 2 188