16 18
400 000 200 000 000 000 000 100 200 110 000 000 410 000 000 009 130 000
200 009 020 020 009 100 001 009 000 000 200 000 220 020 400 200 009 010
000 020 000 000 400 530 020 200 000 300 000 009 100 400 000 330 000 400
000 000 000 000 000 100 000 000 000 000 000 000 000 000 009 020 300 100
420 009 000 009 300 000 000 000 100 300 000 009 100 300 009 100 500 300
009 000 030 530 000 009 400 010 100 200 009 100 100 500 200 020 320 100
000 200 000 220 020 000 009 000 009 000 009 000 210 200 030 000 100 100
000 009 009 000 000 300 300 000 300 000 100 000 009 310 000 000 000 300
200 400 000 200 030 110 100 200 010 200 000 100 020 100 100 100 300 000
000 100 200 000 200 410 100 001 030 500 000 000 000 020 000 000 230 200
100 100 009 220 000 000 100 000 000 000 009 400 200 000 009 500 009 020
320 100 010 300 020 009 020 000 030 000 009 500 000 010 000 000 009 000
010 200 200 000 300 000 000 100 001 400 009 000 000 000 009 009 000 020
130 010 000 300 000 120 400 009 100 000 200 010 000 000 000 000 000 120
400 400 100 000 030 200 020 300 320 009 000 400 009 009 000 100 000 500
400 000 100 009 020 009 000 300 100 320 000 300 030 000 000 100 100 300
player_1 1 174