17 20
100 000 009 100 120 200 400 100 009 000 030 020 500 000 009 330 000 200 009 230
100 000 200 020 000 009 100 000 000 200 009 000 400 009 400 000 000 000 000 130
400 420 009 009 100 000 000 100 400 000 000 020 020 000 000 000 300 000 000 010
020 300 200 000 230 000 009 300 009 120 000 200 009 030 020 010 320 320 000 200
009 000 000 300 110 000 300 300 000 100 000 002 009 000 200 000 000 230 000 000
000 009 000 000 000 000 420 000 130 009 200 310 000 000 000 009 300 520 000 200
300 030 000 009 009 100 200 010 000 002 000 200 030 000 000 000 300 300 000 000
000 100 009 009 110 009 009 100 530 400 020 000 100 200 020 020 100 009 009 020
000 000 009 300 009 000 020 000 020 120 200 009 200 000 300 000 000 100 100 000
000 000 000 000 000 000 100 000 000 000 300 400 000 020 009 000 100 000 100 300
000 100 300 100 020 009 000 200 001 400 430 030 002 100 310 000 200 000 000 000
000 100 200 009 200 000 100 009 009 000 000 000 001 020 300 420 200 210 200 020
000 009 110 000 100 000 120 100 009 120 200 020 000 110 020 009 000 500 300 009
000 000 300 010 000 009 200 300 100 000 000 009 020 009 400 030 000 030 000 000
100 000 009 000 000 230 010 000 000 300 300 000 100 009 300 100 001 009 000 100
500 000 100 000 000 200 120 000 100 009 100 000 000 200 000 200 100 200 000 300
000 000 009 030 009 009 300 220 000 030 000 000 000 100 130 120 100 000 000 120
player_1 1 192
player_2 2 124