17 19
030 100 000 000 001 003 030 000 100 320 000 000 000 220 000 200 003 530 009
220 009 009 200 030 100 310 000 002 009 400 009 200 000 100 000 300 030 200
300 200 020 003 030 001 000 300 100 009 000 000 100 400 000 009 000 100 000
030 400 210 400 000 009 000 000 009 000 009 009 000 000 009 000 300 000 000
000 000 000 000 000 010 120 400 200 000 100 000 000 000 100 100 300 000 000
120 100 200 100 000 000 020 000 100 000 030 300 100 000 000 300 330 000 009
220 010 009 000 110 000 200 000 200 002 009 000 000 000 300 000 000 000 120
000 030 200 009 020 310 400 000 009 300 000 000 000 000 500 100 100 000 400
200 000 000 020 000 000 300 100 009 200 200 009 009 000 200 009 010 000 000
000 200 009 310 000 500 100 020 000 020 030 000 300 000 000 400 010 009 000
300 020 300 100 000 000 000 000 100 000 009 200 400 000 300 100 100 000 030
100 400 120 110 009 009 500 200 400 230 009 200 000 010 120 009 000 009 500
100 030 009 210 000 000 320 220 009 009 009 020 000 000 100 020 009 000 000
020 200 000 000 300 010 000 000 009 320 120 000 009 030 009 000 400 000 000
000 200 001 000 000 200 400 009 200 009 009 000 110 000 000 300 009 300 030
020 300 030 009 000 000 002 200 000 120 000 000 300 100 100 000 030 000 210
009 300 300 000 000 009 230 000 000 200 410 000 010 000 009 009 000 009 200
player_1 1 151
player_2 2 119
player_3 3 171