17 19
120 009 210 000 000 200 000 300 000 000 000 000 009 000 000 400 000 120 400
200 009 130 003 020 520 000 003 400 020 400 400 000 500 100 010 100 000 009
400 300 000 009 200 200 210 000 000 400 000 000 020 120 000 000 003 430 000
400 120 000 009 010 000 020 000 000 320 000 200 000 400 009 001 000 000 009
009 300 000 000 100 000 000 400 000 000 100 220 420 000 000 020 220 000 300
000 002 200 000 400 320 010 000 000 009 300 000 400 200 330 000 230 010 000
009 100 010 000 000 100 100 010 500 020 000 500 100 100 000 300 030 000 000
300 100 200 001 400 130 000 000 030 300 000 030 000 009 020 009 000 000 300
200 100 002 009 009 300 520 000 420 200 520 400 010 100 000 000 000 009 009
010 009 300 009 000 001 020 000 000 020 030 000 300 220 009 120 000 000 030
000 000 000 000 000 500 100 000 020 000 000 000 000 000 010 020 000 000 030
100 009 500 000 400 500 000 200 000 010 300 100 200 000 000 100 000 009 100
020 100 010 000 000 000 000 009 200 020 000 000 000 020 100 000 300 000 009
000 000 009 000 000 300 300 000 009 000 000 100 300 200 030 000 010 000 020
000 020 220 009 009 000 000 000 000 230 030 100 000 000 100 500 020 009 300
000 009 000 500 009 100 200 009 009 009 300 300 000 200 000 010 000 520 000
000 200 020 002 100 100 200 200 000 400 000 000 010 000 000 000 000 300 300
player_1 1 178
player_2 2 159
player_3 3 127