17 18
000 000 000 320 200 000 200 000 000 400 020 020 300 009 000 120 000 009
000 009 000 120 000 200 400 100 000 500 009 130 009 400 100 009 000 000
300 110 400 200 000 000 000 000 300 009 230 000 000 020 000 120 100 100
000 120 000 000 020 000 009 009 009 000 000 009 100 000 000 000 300 230
200 500 030 020 009 009 020 020 000 100 000 000 200 000 009 220 020 100
000 009 000 020 200 200 220 009 300 300 009 300 020 009 000 010 100 009
020 120 000 009 000 000 000 000 000 300 400 009 300 200 009 100 200 000
000 000 400 000 200 000 220 000 030 030 000 300 000 009 200 000 100 000
000 000 500 120 500 400 200 000 000 100 230 000 009 000 000 100 000 400
020 300 020 320 030 000 000 000 020 020 100 500 000 000 300 100 100 000
030 430 120 000 000 000 320 300 000 000 001 400 200 120 120 000 001 000
000 200 000 009 330 002 020 000 400 100 000 100 400 009 000 030 000 030
200 100 300 000 300 100 000 000 320 009 002 100 200 010 030 000 000 200
000 100 000 000 000 200 300 220 000 100 000 000 130 300 000 009 130 100
100 220 000 230 000 500 009 000 100 010 020 000 300 120 000 300 000 000
220 009 020 000 000 000 310 200 009 000 000 030 200 300 000 000 200 000
200 120 000 009 000 100 000 001 300 000 400 009 500 020 002 000 200 009
player_1 1 106
player_2 2 138