15 16
100 000 400 010 300 100 100 030 000 009 000 000 200 100 009 009
000 000 000 500 200 100 000 000 220 000 000 020 200 002 200 000
100 000 030 000 220 000 000 500 400 100 400 000 002 000 100 100
000 000 000 200 000 000 520 020 300 500 000 000 100 000 100 020
009 400 000 100 400 400 000 200 020 500 000 000 010 300 000 020
100 200 300 100 200 000 310 300 000 001 000 000 000 400 230 009
000 230 100 000 200 009 000 220 120 230 200 001 100 120 300 000
000 310 000 000 009 009 000 200 000 200 000 000 300 000 001 000
009 000 000 010 000 000 020 020 110 100 009 000 000 010 000 500
100 100 000 010 200 000 000 002 009 000 000 100 010 000 020 120
000 300 000 020 100 000 000 000 000 000 200 020 200 000 100 000
000 400 100 200 300 100 000 200 100 400 000 000 000 000 130 000
009 100 320 000 000 000 000 100 000 010 000 000 000 000 000 000
000 020 009 000 000 000 000 009 100 000 400 009 220 009 010 120
200 009 100 300 100 000 000 000 000 130 400 000 009 000 000 500
player_1 1 170
player_2 2 154