19 20
009 400 000 009 000 000 100 000 320 100 000 009 400 200 020 300 009 009 200 000
009 030 009 000 100 009 000 009 500 000 000 030 400 009 000 400 100 300 230 300
009 400 400 000 000 200 010 100 030 020 000 020 020 000 300 100 009 400 120 000
020 100 100 000 300 100 100 000 000 001 300 000 000 030 020 320 000 000 020 009
000 300 000 100 000 000 000 200 200 000 030 009 000 009 000 500 020 000 200 000
009 009 100 400 000 000 009 000 000 200 200 000 500 300 100 100 010 000 000 000
220 020 100 200 000 100 000 009 009 010 100 400 000 200 000 000 009 000 009 000
000 010 000 000 200 010 200 000 000 000 000 100 200 009 009 000 000 000 009 000
300 020 300 009 000 000 100 300 200 000 000 009 200 100 200 009 220 000 009 009
000 009 200 000 000 000 020 200 100 009 400 100 500 000 020 100 500 009 000 000
100 009 000 000 000 000 330 000 000 000 000 000 400 000 000 100 000 000 000 000
000 000 100 100 000 010 300 000 030 100 000 100 500 000 000 100 000 020 009 000
020 000 009 200 100 000 500 009 000 000 030 100 000 000 000 000 200 009 009 000
100 001 020 210 400 420 000 200 000 400 100 010 100 100 020 009 400 010 300 020
000 009 010 000 009 009 210 500 200 000 100 400 009 300 000 000 000 300 200 009
000 400 120 320 000 020 400 000 210 010 200 000 000 009 130 200 009 100 430 400
400 000 009 000 500 020 000 000 120 009 000 020 000 009 200 000 100 000 000 220
200 500 420 000 020 000 020 009 009 100 020 009 100 100 420 009 400 001 009 000
300 009 009 010 030 120 000 000 000 000 400 400 300 000 000 000 300 000 000 000
player_1 1 158