20 17
000 420 200 002 420 130 300 000 009 000 000 000 120 000 400 200 020
009 000 020 000 009 300 100 200 400 000 009 020 010 020 010 000 200
230 000 200 000 300 300 000 000 000 300 200 001 030 000 000 009 000
000 320 000 000 100 100 000 300 000 210 020 000 100 100 000 230 020
009 100 000 009 010 001 000 009 100 010 000 000 100 000 020 200 000
009 010 002 000 009 010 400 120 000 009 120 300 009 000 200 000 000
000 000 300 300 200 000 000 400 003 000 009 110 000 100 300 400 000
000 000 100 120 100 200 020 000 310 400 100 000 200 110 009 000 000
009 010 000 000 000 000 010 300 200 100 009 000 220 200 300 200 030
009 000 500 000 000 300 000 400 000 000 009 000 300 002 100 100 000
000 009 300 020 000 100 000 300 020 000 300 020 000 100 000 000 200
003 009 009 100 000 000 100 100 000 200 400 500 000 000 000 009 020
100 009 130 000 020 210 100 000 000 000 210 000 000 000 020 500 000
003 000 000 020 009 100 000 001 000 009 200 000 000 100 100 030 009
009 000 009 000 200 420 009 200 000 100 009 009 400 100 200 200 000
000 010 100 100 000 200 230 200 000 200 009 030 000 000 200 009 020
120 000 300 000 000 009 110 009 000 000 330 009 200 100 200 000 000
000 000 300 010 120 009 400 100 130 000 100 110 000 000 020 009 200
000 000 000 400 009 000 000 300 030 120 009 300 000 020 500 009 200
000 000 000 320 400 230 000 200 200 030 000 000 000 100 009 100 400
player_1 1 140
player_2 2 188
player_3 3 117