19 15
009 010 030 000 220 009 120 009 009 200 300 000 300 300 000
009 000 000 020 010 030 020 000 300 100 000 000 000 000 100
010 000 000 120 009 009 002 300 009 009 200 000 000 009 000
220 200 002 000 100 300 010 009 000 000 100 000 000 010 000
000 120 020 000 009 030 300 000 000 000 000 110 100 001 000
200 003 009 000 300 000 000 009 000 000 200 400 009 100 000
000 130 000 500 300 000 000 100 000 100 000 100 500 120 000
400 020 000 009 009 009 000 000 200 030 200 400 000 000 100
009 009 020 000 009 020 000 000 100 009 000 000 010 100 000
100 110 020 200 200 300 300 000 100 400 100 200 100 000 000
300 000 000 010 000 020 020 200 200 000 000 100 000 320 000
000 003 000 009 000 200 010 009 000 000 200 009 000 009 000
000 200 000 200 000 009 000 100 100 000 000 400 000 000 000
100 500 200 000 210 020 000 020 009 009 100 000 220 000 200
000 000 001 000 300 000 100 000 003 000 000 030 000 009 100
009 000 000 000 000 000 500 002 000 000 000 300 009 200 000
009 000 000 020 000 020 000 009 000 000 009 000 200 001 009
100 000 000 410 009 000 500 000 000 000 000 000 500 009 000
020 000 000 000 200 300 009 000 120 010 000 000 000 000 000
player_1 1 154
player_2 2 104
player_3 3 173