20 15
000 000 009 300 100 000 000 000 110 100 000 400 100 100 110
000 020 000 000 400 009 020 002 000 000 100 020 000 100 020
000 000 002 300 030 300 200 100 000 300 000 009 000 000 100
200 000 200 100 000 000 100 000 020 300 400 000 000 100 400
000 020 400 030 000 300 100 300 100 000 009 020 200 009 000
009 100 100 200 001 200 030 000 000 120 000 500 300 200 009
230 000 100 200 020 000 000 009 000 200 000 009 200 000 030
000 520 000 000 009 000 000 009 009 010 009 000 009 420 300
000 009 500 200 009 300 300 001 300 020 000 300 000 200 020
400 000 000 009 000 500 000 100 009 000 000 000 000 009 009
200 000 000 200 000 030 000 000 000 100 020 000 010 300 000
010 000 110 009 220 100 300 200 009 009 300 100 000 000 200
400 009 000 100 500 000 200 320 000 000 000 009 030 030 000
500 100 000 200 200 000 000 300 000 000 300 000 009 100 000
300 200 100 200 200 000 009 000 000 300 200 000 200 000 400
009 000 001 110 300 000 000 130 200 000 000 000 000 300 000
020 300 200 020 009 020 000 000 000 000 000 002 220 200 010
000 000 009 009 000 000 410 520 100 100 000 200 000 000 000
030 000 300 100 120 020 000 000 200 009 100 020 000 000 000
009 000 410 300 000 100 300 000 330 000 009 000 110 220 300
player_1 1 107
player_2 2 108