18 18
000 000 100 000 009 200 000 030 009 010 000 000 100 200 000 002 200 000
009 100 000 000 020 120 009 200 220 020 000 000 009 000 000 020 009 100
000 100 200 030 020 020 030 000 300 400 200 000 000 000 000 000 100 000
210 000 009 110 000 230 100 010 000 000 000 000 000 010 400 009 010 200
000 000 400 001 200 009 500 000 200 009 000 001 200 400 000 300 100 000
020 120 200 000 000 009 100 520 000 400 000 002 000 000 000 000 210 400
000 000 220 320 020 009 000 400 200 000 009 400 010 009 009 400 000 030
009 120 009 009 020 000 000 009 000 220 010 100 030 020 009 000 000 000
100 009 000 000 000 009 200 000 009 000 410 200 110 000 100 000 400 000
120 000 000 400 010 000 000 000 100 430 000 520 020 010 000 000 000 100
000 009 100 009 330 009 009 100 300 000 000 100 000 009 000 200 030 000
000 300 000 000 000 000 010 000 000 030 009 400 120 230 000 230 200 300
400 030 030 020 009 010 000 500 100 000 000 500 100 400 000 000 009 100
000 200 200 100 000 000 100 500 320 030 300 000 120 300 100 009 020 000
100 300 000 100 030 100 000 000 001 230 009 020 100 000 000 200 000 000
210 010 000 010 220 300 000 300 010 500 000 000 200 009 020 009 030 300
002 100 000 200 100 009 009 020 500 000 000 009 000 000 000 020 400 000
009 200 009 400 000 000 009 000 200 009 000 020 020 400 230 000 009 009
player_1 1 157
player_2 2 109