14 15
000 020 000 100 000 020 300 100 400 000 020 220 030 100 200
130 300 000 030 220 000 100 020 009 220 009 000 000 001 020
000 000 400 200 000 000 000 130 000 000 000 030 300 009 000
100 009 300 000 009 000 000 000 000 000 110 000 000 500 000
120 009 200 020 300 000 009 130 400 020 320 200 000 310 009
009 009 500 000 020 200 100 200 200 000 000 120 000 210 200
009 000 300 000 020 300 000 300 030 009 000 009 000 000 000
009 400 000 000 010 000 320 009 300 130 300 320 000 000 000
009 110 020 300 009 000 100 009 020 000 000 000 000 030 000
500 000 000 000 030 200 001 000 300 000 400 300 000 001 000
010 000 020 300 020 000 020 000 200 000 000 400 200 010 000
000 009 200 000 020 000 000 000 420 000 200 000 009 100 100
000 100 000 000 400 200 000 000 000 300 009 009 200 100 000
000 000 000 020 100 009 110 200 009 009 430 009 000 000 300
player_1 1 190