20 17
520 100 000 000 001 000 300 000 000 200 000 009 009 220 200 000 000
000 000 000 220 009 000 010 000 000 000 000 009 020 009 100 000 400
000 100 009 000 000 000 000 010 000 100 100 300 200 230 009 300 000
000 200 000 000 100 010 400 310 000 000 000 009 000 500 100 200 100
009 009 400 000 230 300 000 000 300 010 030 000 010 100 000 009 000
000 009 100 000 009 000 300 010 020 000 000 000 100 200 009 009 000
220 400 300 009 030 000 100 310 000 110 000 000 000 000 100 200 000
009 000 009 000 200 000 030 009 000 400 000 010 200 100 020 400 010
400 020 009 009 009 110 000 100 400 200 000 200 009 009 000 000 009
320 009 000 400 000 200 110 000 001 300 000 000 500 020 000 000 000
030 320 300 120 100 120 009 100 010 009 500 009 009 310 230 000 009
200 010 500 100 000 020 100 300 000 000 000 300 000 300 200 400 009
000 430 200 009 000 009 009 100 000 020 000 120 000 000 200 000 200
000 020 000 009 000 000 000 020 000 000 000 100 000 000 010 000 020
400 000 000 000 000 000 000 200 009 000 009 300 300 000 300 030 120
000 020 200 000 230 000 300 000 230 000 020 100 500 009 000 000 300
000 200 009 000 000 300 030 200 000 200 000 010 100 000 200 300 000
000 020 001 000 100 100 400 009 000 310 000 000 100 000 100 009 000
009 330 200 300 009 000 000 000 000 300 200 009 400 009 400 009 000
200 400 000 500 020 000 130 100 000 010 000 009 000 220 009 120 130
player_1 1 183