20 15
200 000 000 300 000 100 100 000 200 400 520 000 000 000 000
000 200 420 000 000 010 000 000 400 100 100 020 000 000 000
100 000 000 020 400 020 030 100 020 020 120 000 000 100 000
000 000 000 400 020 000 000 200 530 200 000 020 130 000 000
000 010 020 000 330 400 000 000 100 000 200 000 020 020 400
000 000 330 000 000 000 000 000 100 000 010 000 200 000 000
300 000 000 000 200 000 100 420 000 000 000 020 000 200 000
010 310 500 020 100 000 010 200 000 100 320 010 000 000 500
000 100 200 330 000 200 000 000 110 500 100 100 000 000 000
120 220 220 000 020 000 000 000 020 000 000 320 000 000 300
000 000 000 000 120 000 010 000 000 000 200 020 000 000 200
000 000 000 100 000 000 000 220 000 020 030 000 000 000 200
500 000 100 000 030 300 430 000 000 100 000 100 000 300 000
000 300 010 000 300 000 200 000 000 100 000 000 430 220 500
100 220 100 000 310 000 310 000 010 400 000 000 100 100 000
000 000 000 200 400 200 300 200 530 000 000 100 300 000 020
000 000 100 020 220 000 500 000 220 000 300 200 100 000 230
010 000 300 200 400 000 020 200 020 000 000 200 030 200 300
100 000 000 000 000 300 000 100 400 000 020 000 000 000 000
000 000 000 500 000 000 000 000 100 300 200 100 000 200 000