15 16
000 000 100 400 320 320 000 000 000 000 000 200 100 000 100 030
120 000 000 010 320 300 300 000 000 000 020 100 330 000 100 000
200 000 130 000 000 000 030 000 000 000 200 000 100 000 500 100
030 000 010 000 000 000 000 100 000 100 500 000 000 000 100 000
010 000 000 000 100 530 000 000 100 010 010 000 100 000 500 300
110 000 000 000 000 300 120 320 000 000 420 000 000 020 020 000
000 000 000 000 000 000 000 000 400 300 000 000 100 000 000 000
400 100 020 000 000 400 000 000 430 000 000 000 420 100 000 000
000 000 000 300 030 000 200 020 400 000 200 030 000 100 000 400
000 000 000 000 220 000 020 030 000 020 000 000 000 300 200 520
000 000 000 000 030 200 320 100 400 300 110 100 020 000 000 000
200 000 500 000 400 000 300 000 200 030 030 200 000 310 100 400
330 100 020 010 020 300 200 000 000 200 300 020 000 400 230 000
200 030 000 000 400 400 030 200 130 000 000 130 000 000 100 000
000 000 000 000 500 110 300 020 020 020 100 000 100 000 000 010