17 16
000 020 000 100 000 020 120 000 000 000 200 000 100 000 000 100
000 000 330 100 400 200 000 400 000 400 000 400 000 010 400 400
000 100 110 200 000 400 000 200 100 000 000 200 500 100 000 020
020 100 400 000 000 100 000 000 000 000 330 000 200 000 200 000
000 200 100 000 000 030 220 500 000 330 000 010 100 000 200 100
010 120 000 000 400 000 120 000 000 020 200 100 020 000 000 000
220 000 000 300 320 000 200 300 000 000 030 000 010 030 020 000
000 020 000 300 100 500 000 000 300 000 010 000 000 300 400 000
200 000 000 000 300 400 000 000 200 020 100 000 000 400 000 210
000 300 000 500 020 400 430 300 430 000 400 200 000 300 000 020
000 000 020 320 200 000 300 400 100 320 000 020 000 000 000 000
500 310 000 010 100 230 110 000 000 420 000 000 110 100 200 000
110 000 000 000 000 500 000 200 200 300 020 000 100 200 000 100
000 130 200 000 000 300 000 000 400 000 500 000 000 000 000 000
000 100 000 000 000 000 400 000 300 220 130 000 000 510 000 000
020 000 000 000 320 400 000 200 400 000 200 100 400 000 000 000
000 300 000 000 000 000 100 400 000 420 200 000 000 100 000 000