20 14
000 000 000 200 100 200 000 200 100 000 000 010 000 030
300 000 500 300 000 030 000 400 000 000 000 100 200 000
000 320 000 200 100 510 010 000 000 000 100 000 000 300
100 000 410 000 120 000 000 100 010 000 000 000 000 000
030 010 020 100 000 300 000 000 300 100 200 000 200 030
000 130 000 200 120 000 000 000 010 520 000 000 200 000
000 400 000 000 000 000 130 010 030 000 000 100 010 100
100 230 000 100 000 200 100 100 000 000 000 000 000 300
000 030 030 020 110 000 400 500 200 020 000 000 200 000
020 020 000 120 000 300 000 020 000 300 000 000 000 000
000 030 020 000 020 000 100 400 300 000 020 320 030 300
000 000 300 000 100 000 000 200 000 300 000 300 000 000
000 020 110 000 000 300 200 310 100 000 500 020 020 100
000 010 000 400 300 000 000 100 400 110 100 020 000 000
100 300 020 000 430 000 100 000 000 010 220 000 200 000
000 000 300 300 000 100 000 020 000 000 000 100 400 000
200 400 000 300 000 000 400 030 300 200 030 000 000 400
100 000 200 000 300 300 000 230 220 300 000 200 000 100
500 200 200 000 000 100 000 200 000 000 000 000 030 000
000 010 000 000 000 000 100 030 000 300 210 300 000 020