18 14
000 000 000 200 200 000 000 300 020 000 100 020 000 100
000 300 020 000 020 000 100 000 100 100 000 300 000 000
020 200 200 000 200 400 100 300 000 120 300 100 000 000
200 000 000 100 500 100 000 400 000 300 010 000 020 100
000 000 200 100 000 020 100 130 100 500 100 100 000 000
000 120 000 000 000 000 000 200 020 000 100 000 200 100
200 000 200 200 300 000 000 400 000 000 000 200 000 200
000 000 000 300 000 030 120 230 020 500 200 320 300 100
400 000 000 200 100 000 200 100 200 120 000 000 000 000
100 210 100 000 000 100 000 320 400 100 100 100 000 500
300 000 000 000 000 000 000 020 200 030 000 300 030 400
200 120 200 000 000 100 000 500 000 420 000 000 030 120
000 000 120 000 000 000 020 000 100 320 000 200 400 120
000 000 000 000 000 000 000 000 020 100 000 020 000 000
000 400 000 000 100 000 000 400 000 500 200 100 010 100
010 010 000 400 020 000 410 020 020 400 500 030 030 100
100 400 030 130 000 200 000 200 400 000 400 200 030 100
230 000 000 320 100 000 100 000 000 000 020 000 100 000