18 17
300 100 010 030 200 000 110 400 120 400 000 000 000 100 000 000 000
020 000 200 020 100 200 400 000 000 220 030 000 010 000 000 000 000
000 100 010 220 000 300 000 000 500 300 100 110 000 200 400 200 000
020 000 000 200 100 000 300 000 400 210 200 000 100 000 000 400 000
000 120 000 000 200 030 100 200 000 000 100 300 500 000 000 000 020
000 000 000 500 020 000 300 100 210 500 100 000 100 000 100 400 320
200 000 200 000 000 100 000 010 320 100 100 030 200 100 320 000 500
000 000 200 100 200 010 000 000 000 000 000 010 000 000 000 100 000
020 100 000 000 300 500 010 000 000 210 000 000 200 000 230 000 200
010 000 020 000 000 000 000 000 000 200 000 020 420 000 500 400 130
120 000 000 000 000 400 000 220 120 000 200 010 400 000 400 220 110
300 100 100 020 200 400 200 400 200 430 200 200 000 100 310 000 020
500 300 000 000 010 000 100 500 000 000 000 000 400 000 000 000 000
500 000 100 000 500 000 000 000 000 000 000 530 020 400 000 000 320
000 000 320 000 030 000 020 000 300 000 200 000 300 200 000 000 010
000 000 000 000 010 220 220 200 000 200 320 000 000 000 000 100 100
400 220 000 000 230 000 000 000 100 000 100 000 100 000 000 500 520
000 000 000 000 010 210 200 000 120 430 000 100 300 000 400 000 100