20 20
000 000 320 000 100 400 000 100 030 330 200 500 200 100 020 200 100 020 200 300
200 000 030 000 020 220 010 100 000 500 000 300 300 100 100 000 300 000 200 100
000 100 000 300 010 000 220 000 020 300 000 300 100 000 000 000 100 000 120 230
200 010 000 300 200 100 030 220 010 100 000 000 000 030 000 200 020 000 000 200
000 100 000 200 400 000 020 200 000 030 000 000 000 000 000 020 020 000 000 000
500 020 000 300 030 030 000 000 000 000 000 410 410 430 000 120 000 220 030 100
000 310 100 000 110 200 000 000 030 100 500 000 000 000 220 000 100 300 000 000
000 300 100 200 000 300 000 020 020 400 000 000 300 100 000 000 000 310 520 030
000 000 000 300 000 000 220 100 020 000 000 100 100 100 000 300 300 300 000 000
200 000 100 000 000 200 000 200 000 100 000 000 130 000 100 000 300 000 300 100
000 020 300 000 400 100 200 200 230 200 030 100 100 100 000 300 110 510 200 400
000 200 030 000 000 100 400 000 300 100 000 400 310 000 000 100 000 510 530 000
000 000 200 000 220 110 500 100 220 000 000 000 000 000 000 200 200 000 500 000
000 100 200 400 000 310 300 300 100 000 030 000 000 000 020 300 020 000 300 000
000 000 300 020 020 000 200 310 000 000 000 030 000 100 100 000 000 000 020 000
010 120 030 000 000 000 000 530 000 000 000 000 000 020 000 000 300 300 000 000
400 000 400 000 500 030 000 000 320 000 200 000 100 000 000 000 200 000 000 000
000 000 000 400 000 010 300 000 300 000 000 300 100 020 000 000 000 200 120 210
400 000 300 200 000 100 200 200 200 100 010 000 130 030 500 100 000 400 030 000
400 000 000 000 200 000 000 520 000 100 200 300 000 000 000 010 030 000 020 000