17 16
200 020 030 400 000 210 220 300 000 000 000 420 000 120 000 000
200 010 100 400 100 000 000 300 200 020 100 000 000 010 000 000
200 200 010 200 200 000 400 000 020 400 000 000 110 000 200 000
000 000 000 330 300 020 000 000 200 000 300 020 000 000 220 300
100 520 200 200 100 100 000 500 330 000 100 430 100 000 010 000
200 020 000 020 000 020 200 000 020 000 000 420 000 000 000 400
300 030 000 010 000 000 010 400 000 010 100 020 200 000 130 000
000 120 000 300 000 230 000 510 000 220 430 000 000 300 300 000
000 000 320 410 300 000 200 100 020 420 000 200 100 000 100 000
010 000 300 100 000 000 300 200 000 030 010 000 400 000 000 110
000 000 100 000 000 330 500 400 000 000 000 000 100 000 110 000
000 000 000 000 000 200 130 000 400 200 500 000 100 100 000 000
000 400 000 000 020 000 000 000 300 000 110 100 100 020 200 000
000 000 200 000 000 000 000 020 000 000 000 100 110 300 000 300
400 000 300 120 000 200 000 000 100 020 020 030 020 000 000 120
000 100 000 100 000 000 200 200 000 000 200 020 000 000 010 300
300 000 000 100 400 030 020 100 300 200 520 400 500 000 400 000