14 14
000 100 200 300 000 000 000 000 000 300 000 100 000 200
000 100 000 000 200 020 000 100 020 300 000 020 000 200
000 100 100 020 000 230 000 000 300 000 000 020 300 100
020 100 000 020 000 000 200 000 010 030 100 000 100 100
000 420 220 000 000 200 200 000 300 000 300 200 020 500
100 100 410 400 030 000 200 000 000 000 200 200 000 300
000 000 000 400 000 000 300 410 030 200 000 300 100 010
100 030 230 000 000 300 000 500 100 100 400 000 020 000
100 100 300 000 000 000 000 200 000 400 020 200 200 300
000 420 030 000 010 030 100 000 430 200 400 100 500 300
000 000 000 300 200 000 000 500 000 000 100 000 000 000
300 000 020 100 020 400 100 300 000 000 020 000 300 000
120 010 100 000 020 020 100 020 300 100 000 000 330 000
000 200 000 000 000 300 100 000 000 000 000 400 000 500