18 16
020 120 200 020 009 030 000 010 009 000 009 030 000 000 010 200
000 000 002 000 000 220 200 200 000 400 100 100 002 000 000 000
030 000 100 100 300 100 002 009 020 030 009 009 400 000 200 500
000 000 100 200 020 130 000 000 230 000 020 009 200 000 200 000
009 000 000 030 000 200 000 009 009 200 000 001 000 000 300 009
000 200 009 009 009 100 120 000 300 000 009 130 000 000 000 100
100 000 110 200 110 200 300 000 009 009 300 010 000 000 100 020
100 100 000 009 000 300 010 300 009 300 000 009 020 200 000 500
000 000 000 120 000 100 000 009 200 000 400 009 200 100 030 000
000 500 000 000 009 020 200 009 030 000 000 120 000 500 000 200
000 010 020 009 010 000 030 000 000 000 000 400 500 300 200 100
000 400 100 010 000 009 009 020 000 000 100 009 300 020 030 000
400 000 000 010 200 009 410 000 000 000 000 200 010 009 100 000
100 010 000 000 020 000 130 009 210 400 001 001 010 000 000 009
009 009 009 009 020 009 009 000 100 320 000 400 400 000 100 200
000 200 000 100 009 000 000 000 030 400 030 100 500 500 009 009
000 100 000 130 009 300 200 000 000 000 009 000 200 009 510 009
000 200 000 030 009 100 000 000 300 000 330 000 000 009 009 003
player_1 1 188
player_2 2 172
GROUP_E 3 0